pattern_cols: 8
pattern_rows: 6
square_size_mm: 40

R_gimbal2imubody: [-0.99226547, 0.045153668, -0.11563035, -0.048713621, -0.9984161, 0.028147409, -0.11417624, 0.033562474, 0.99289342]

camera_matrix: [1785.4881526822305, 0, 672.4806478241826, 0, 1785.026019470562, 559.89603224794314, 0, 0, 1]
distort_coeffs: [-0.076005079619881746, 0.11182817466388446, 0.0005362204787722057, -0.0027546300984895122, 0]

camera_name: "hikrobot"
exposure_ms: 10
gain: 16.0
vid_pid: "2bdf:0001"

imu_port: "/dev/ttyACM0"
imu_baud: 460800

#####-----cboard参数-----#####
quaternion_canid: 0x01
bullet_speed_canid: 0x110
send_canid: 0xff
can_interface: "can0"